1.201135463703334518e+07
2.828916058701158036e+06
2.054469449359815195e+07
1.604828554958164459e+06
4.776835731223443872e+05
5.702807435625297949e+06
6.877097555716258939e+05
4.808749833417427144e+05
1.904860064297241624e+06
1.129104348655955982e+05
4.187783709675290622e+06
4.952077500845994218e+05
4.187267558112806641e+06
1.845790455410267692e+06
1.459251195747603197e+05
1.166986876089637168e+06
1.588579530139713082e+06
3.147548681607431732e+06
4.067757593025488313e+05
1.227164706040099409e+05
2.115676662688609678e+06
1.177646857530351117e+05
1.182156600722025614e+06
4.787481179509215988e+06
5.771359200639197370e+05
9.579401374494921416e+06
4.086406925094930921e+05
1.097894035422424087e+06
1.742232900864278432e+06
1.468465170122595504e+06
4.937894267194495187e+05
3.467084424226628151e+06
5.675433386332641356e+06
2.498202755375743657e+07
4.642045875309788971e+05
1.463682173378761113e+07
7.758808419258106733e+05
1.287451584722588537e+06
4.533067928426949074e+05
1.018160101948708296e+07
2.683617530457125045e+06
7.237402154869005084e+06
4.587783472475758754e+05
2.031442842720155604e+05
3.453262714524149429e+06
1.085229840762698650e+07
6.563145882941164076e+06
3.434861580715783639e+05
9.932939010454484960e+05
1.476530302415796788e+06
1.526095527250971645e+06
2.272013277454781637e+05
4.054578587795680854e+06
2.178569976990904834e+05
2.126832660353489686e+06
3.516237314137164503e+05
5.846979239284433424e+06
4.572692110347254202e+06
2.959007028581273742e+06
6.949756127085321350e+05
1.098988378669807687e+07
4.080043455267943442e+06
3.983640011461349670e+06
3.179956946496742894e+05
3.449179715516751166e+05
2.806165942222036887e+06
3.817943883937527426e+05
1.382885463055926375e+07
6.559003439633485395e+05
9.039430903587384382e+05
2.668856069065947086e+05
2.518079439700079092e+05
3.439569564027393935e+05
1.604835336756751407e+06
7.981727907709645806e+05
1.958395028153602732e+06
8.522939061291044345e+05
1.070343050455833972e+07
1.944736484650343657e+06
3.750775567291073501e+06
2.217362245202619582e+06
7.457469017402023077e+06
4.392340020442552865e+06
8.102205386625558138e+06
3.007727708778146189e+06
3.093795682975124801e+05
4.315709854969570879e+05
9.307010164816627512e+05
4.423950630305742961e+05
1.480207470359117724e+06
8.774200639386064140e+05
2.234820699715796392e+06
2.912268585954384413e+06
2.150891802615164197e+05
2.959289527360303910e+05
1.963094105177538586e+05
4.726332961030637845e+06
1.977346768402379705e+06
1.150435579484248534e+06
5.421410959304693388e+05
1.658321820368057583e+06
3.146504431536016054e+05
3.463445583113178727e+05
5.755283119971324690e+06
6.790349493445973843e+06
1.078835164594223490e+06
2.612718411888887174e+06
2.728919672591412440e+06
2.593308470653930563e+05
6.445022203149299603e+05
6.701338452191690914e+06
3.378802664368985570e+05
8.311930305372959003e+06
3.906781352499980479e+06
1.553202664663934615e+06
7.593239109616598580e+05
5.310796747788059292e+05
2.418776012135172728e+06
3.745912309424063656e+06
1.436621872450565919e+06
8.530067486163543537e+06
1.465988953314814018e+06
3.824998668257226236e+06
1.693926692508540873e+05
7.226063124561955919e+05
3.113311672228364740e+06
2.608667788062620675e+05
7.604634156485635787e+06
1.570920195445005083e+06
1.602805000813724473e+06
7.562928423570360756e+05
9.453856705399481580e+06
1.160516052009996027e+07
1.810929233768617269e+05
1.525320324851791374e+05
7.217402523647209164e+05
1.108021963665629365e+07
1.400519445526057389e+05
2.078091615296963428e+05
4.747792575073178159e+05
4.298036794736682437e+06
2.670551185959668364e+06
2.646087723657213501e+05
3.624165146334302262e+05
5.170541765322967432e+06
1.332902561850031780e+05
2.405409682171530440e+05
3.473385136277499143e+06
1.899768866319214867e+05
1.558396918927472143e+05
3.692757470518635237e+05
1.338473165045871865e+05
2.393062027999419079e+05
1.257948355446591508e+06
8.206223728953011334e+06
7.403929289967373479e+05
9.064861952885415405e+06
5.469608525653840974e+06
3.091589570060480852e+06
1.035774438976342604e+07
1.972678087827960495e+06
1.461432126142517477e+07
5.364359004979951307e+06
5.564357465729055693e+05
1.029379128185286769e+06
1.837020004587043822e+07
6.572353778161769151e+04
2.301063834888158832e+06
1.117529269495000597e+06
4.041916367372493725e+06
1.155154098290016409e+06
1.375655715624893084e+06
3.981866615362146869e+06
1.277066115495378384e+06
5.429603584009309299e+06
5.491497988173196092e+06
1.507658748122714832e+07
4.149453642601345782e+05
5.498676330954491859e+05
2.267894559194073547e+06
2.106313231380767655e+06
1.896498109774977202e+05
3.332884660931706894e+06
1.025888137770593516e+06
8.826069148598928005e+06
3.693919415974550066e+05
3.316672765088189766e+07
5.358113080797847360e+05
2.772277416152443737e+07
1.131921918361117365e+06
2.082786568159902468e+06
3.285296341002665460e+06
3.820327903639760916e+05
1.148020576072714757e+06
6.961473023365997942e+05
5.097327422694017878e+05
9.410002428945874795e+06
3.046020784931801027e+05
4.347924930732497014e+06
3.131800409455781337e+05
6.119812374028608901e+05
2.072408479400152341e+07
4.359127101995043457e+06
7.340985400557727553e+04
1.567862294619616866e+07
4.417325547661794699e+05
1.970060737167298794e+07
5.696342335819806904e+06
1.223468859092580620e+06
1.559937213335647620e+07
1.818268630178097403e+06
1.796330560025579995e+06
1.042320998653633054e+06
4.710151009421613999e+05
1.781546336398267304e+05
8.140662331699151546e+05
1.519676097825850174e+07
3.138635334586197510e+06
1.952748511357431707e+05
1.223869254573775921e+06
8.754123313680024818e+06
8.850126689946837723e+06
5.672986252187088830e+05
3.339783484473879216e+05
9.114487435339672491e+06
1.800687687264657870e+05
4.497093042799514718e+06
2.713059435564129381e+05
2.251979912344073411e+06
1.803733352805233328e+06
1.112742068167952821e+05
1.317642133650109463e+05
2.598318604323752690e+06
6.821786920253035612e+06
5.017082291144727729e+06
1.637486807213466428e+07
3.595673015149626881e+05
1.365691892332850257e+06
2.572134331737374305e+05
5.612281627067585941e+05
3.163597041999730864e+05
9.569891906088349642e+05
2.178959236802867148e+06
6.532420215979281347e+05
1.331786813837212324e+07
5.725247896035241894e+06
1.160474282193484716e+07
1.421262826994833013e+05
4.004159627524172538e+05
3.277487510414063465e+06
